7
65
3
16
42
4
4
8
9
1
23
4
2
7
6
6
6
22
4
6
12
23
8
21
6
3
2
32
27
6
10
14
10
32
1
2
3
4
29
6
5
1
4
4
4
6
4
3
1
19
9
19
28
18
4
6
3
8
13
4
8
26
26
2
12
6
15
11
12
13
6
2
18
6
49
12
78
4
8
16
6
2
2
8
8
8
5
66
6
6
8
8
2
27
94
2
4
2
6
44
6
1
4
57
2
4
9
29
16
25
1
17
8
6
4
8
10
4
15
3
27
8
12
18
12
24
2
58
39
30
9
22
2
36
15
4
8
27
8
71
10
3
2
1
11
6
78
6
15
4
4
15
9
9
16
5
23
6
4
3
19
13
10
6
3
3
87
4
13
9
7
3
15
25
2
12
29
10
45
4
8
4
10
6
4
35
24
6
2
3
69
1
4
2
3
31
14
3
4
4
4
6
2
36
6
4
11
20
15
16
7
12
27
2
2
22
10
1
8
17
7
1
4
4
6
2
1
2
10
86
53
6
2
6
2
12
1
1
3
13
26
6
3
3
8
3
7
30
9
9
1
39
3
1
8
6
13
6
6
6
6
2
1
36
1
8
6
4
10
36
2
8
6
18
12
2
11
7
1
9
15
21
1
15
6
3
6
12
21
2
9
25
10
1
8
4
32
2
2
41
62
3
6
1
71
5
24
8
8
29
14
1
12
3
31
2
4
47
4
2
22
4
3
2
2
4
2
24
1
12
8
7
33
54
50
8
21
51
10
13
1
14
39
3
21
39
3
16
4
3
13
2
11
4
4
4
8
3
8
4
33
4
41
12
7
14
6
32
1
24
1
2
10
39
4
20
2
50
31
19
6
4
3
16
3
6
4
18
1
15
6
2
19
1
64
4
1
15
1
12
2
8
10
5
33
37
15
2
6
4
15
2
8
6
13
23
6
5
10
11
34
4
12
6
93
2
25
1
3
28
14
8
9
12
7
6
7
6
2
5
8
32
6
2
16
6
23
8
3
4
19
24
6
26
221
23
162
48
2
4
2
8
45
9
3
4
4
52
16
4
6
4
12
19
16
13
15
7
13
6
25
4
6
4
13
9
1
28
6
7
16
3
4
6
6
4
6
3
3
6
29
35
4
11
15
12
5
1
1
2
69
4
9
4
36
11
31
19
5
4
49
6
63
2
6
109
1
23
20
21
6
8
8
30
6
4
16
12
31
3
4
4
36
15
3
2
16
55
6
45
1
3
2
6
4
8
11
9
24
30
4
19
4
8
12
6
6
7
19
79
6
8
39
6
24
9
19
104
5
4
4
39
8
39
6
4
13
16
2
6
36
19
4
24
8
8
13
8
2
38
3
4
5
7
4
39
10
10
6
23
2
45
4
13
10
12
4
2
1
14
3
2
6
3
2
6
2
17
12
16
6
2
9
2
5
11
4
4
2
6
2
27
36
4
15
4
15
2
12
10
6
37
13
5
10
2
2
86
21
10
19
93
8
2
116
33
4
5
23
3
1
12
6
5
1
26
1
17
2
44
10
9
48
18
28
6
18
45
24
31
49
2
43
3
30
7
9
3
34
1
4
36
63
8
1
7
1
7
2
12
3
4
4
24
12
24
6
14
15
2
36
17
2
8
4
15
1
36
10
2
7
22
52
12
3
8
7
7
8
16
6
3
10
29
8
4
4
12
6
1
2
3
21
11
21
16
13
1
33
24
19
2
13
2
9
6
9
5
3
15
17
1
9
4
4
2
4
12
9
1
4
8
4
2
9
9
1
83
42
14
2
64
25
4
12
15
7
21
71
12
18
5
1
4
4
3
4
12
2
21
1
4
2
25
21
25
13
3
48
13
12
2
3
77
2
92
4
37
6
6
3
15
6
21
16
7
7
2
1
2
1
10
37
63
4
2
6
7
8
17
88
3
3
6
3
17
27
13
30
10
28
6
12
63
78
1
3
4
6
6
19
29
14
6
7
2
12
12
3
3
39
6
8
8
3
11
18
10
4
15
4
6
27
9
1
2
5
11
6
48
2
4
8
3
2
2
3
16
1
4
27
3
4
6
31
2
3
18
12
4
16
2
7
23
2
19
15
6
16
21
19
11
36
1
6
54
3
3
28
6
3
16
48
3
10
6
2
2
19
2
6
8
2
15
13
21
4
6
6
4
78
37
1
10
6
27
13
3
24
12
2
1
19
202
15
7
17
3
3
5
37
13
6
43
2
12
13
8
8
6
2
24
10
6
162
8
4
9
27
3
14300
